3666555
3837412
3809811
3768063
2540973
3467597
3769828
6139009
3931326
2763021
2352470
3385861
3969965
3817206
3708475
3777503
2294736
3113286
3029490
3469803
3928167
3842360
3659815
1874510
3412538
3473144
3807161
3649298
1362584
2069943
3715330
11486562
3368851
2368116
1785603
3559203
3707220
2594126
1845900
3543252
3480285
3455168
3676329
3729245
3328869
3774410
2616491
2202757
2491920
2692754
3624435
3802107
2050406
3681154
3664344
2138941
1176502
2722031
3848087
3771517
1123692
3851614
3062243
3850047
3661023
2903878
1889775
3426827
3848954
3840433
1962757
3780691
3803105
3609537
3694546
1761859
3422974
3828997
3674696
3585152
2930900
3531610
4032568
3742271
2592855
2177537
3804990
3598753
3675832
3708323
3755056
2177056
3565669
1128939
3528691
3311232
2459830
3648116
3574998
3443568
2405275
3783271
3348446
2046832
3887038
1126351
3550650
3767907
3960082
3732091
3759593
3577570
1055428
3613352
1133999
3753776
1830497
3638754
3704576
3976111
3478291
3785303
3538911
4044196
3034379
2238278
3861608
3484989
3776303
2049993
3464144
1862588
1707908
3735770
